1646 0 2224 0 1
2224 0 2486 0 0
2486 0 4726 0 1
4726 0 4987 0 0
4987 0 7236 0 1
7236 0 7483 0 0
7483 0 8041 0 1
8041 0 9590 50 0
9590 50 9590 3104 1
9590 3104 9590 3104 0
9590 3104 9590 4454 1
9590 4454 7865 4454 0
7865 4454 7865 50 1
7865 50 6285 455 0
6285 455 6285 2086 1
6285 2086 6285 2602 0
6285 2602 6285 4454 1
6285 4454 4625 4454 0
4625 4454 4625 50 1
4625 50 3465 455 0
3465 455 3465 2096 1
3465 2096 3465 2602 0
3465 2602 3465 4454 1
3465 4454 1845 4454 0
1845 4454 1845 50 1
1845 50 120 73 0
120 73 120 3104 1
120 3104 120 3104 0
120 3104 120 4454 1
120 4454 0 4504 0
0 4504 9710 4504 1
9710 4504 1646 0 0
